Rectangle millieu
(12, 5), (13, 5), (14, 5), (15, 5), (16, 5), (17, 5), (18, 5), (19, 5), (12, 6), (19, 6), (12, 7), (19, 7), (12, 8), (19, 8), (12, 9), (19, 9), (12, 10), (19, 10), (12, 11), (19, 11), (12, 12), (19, 12), (12, 13), (13, 13), (14, 13), (15, 13), (16, 13), (17, 13), (18, 13), (19, 13)

1
(15, 7), (16, 7), (14, 8), (15, 8), (16, 8), (15, 9), (16, 9), (15, 10), (16, 10), (14, 11), (15, 11), (16, 11), (17, 11)

2
(14, 7), (15, 7), (16, 7), (17, 7), (17, 8), (14, 9), (15, 9), (16, 9), (17, 9), (14, 10), (14, 11), (15, 11), (16, 11), (17, 11)

3
(14, 7), (15, 7), (16, 7), (17, 7), (17, 8), (14, 9), (15, 9), (16, 9), (17, 9), (17, 10), (14, 11), (15, 11), (16, 11), (17, 11)

4
(14, 7), (16, 7), (14, 8), (16, 8), (14, 9), (15, 9), (16, 9), (17, 9), (16, 10), (16, 11)

5
(14, 7), (15, 7), (16, 7), (17, 7), (14, 8), (14, 9), (15, 9), (16, 9), (17, 9), (17, 10), (14, 11), (15, 11), (16, 11), (17, 11)

6
(14, 7), (15, 7), (16, 7), (17, 7), (14, 8), (14, 9), (15, 9), (16, 9), (17, 9), (14, 10), (17, 10), (14, 11), (15, 11), (16, 11), (17, 11)

7
(14, 7), (15, 7), (16, 7), (17, 7), (17, 8), (16, 9), (15, 10), (14, 11)

8
(15, 7), (16, 7), (14, 8), (17, 8), (15, 9), (16, 9), (14, 10), (17, 10), (15, 11), (16, 11)

9
(14, 7), (15, 7), (16, 7), (17, 7), (14, 8), (17, 8), (14, 9), (15, 9), (16, 9), (17, 9), (17, 10), (14, 11), (15, 11), (16, 11), (17, 11)

MENU 
(1, 2), (5, 2), (7, 2), (8, 2), (9, 2), (10, 2), (21, 2), (25, 2), (27, 2), (30, 2), (1, 3), (2, 3), (4, 3), (5, 3), (7, 3), (21, 3), (22, 3), (25, 3), (27, 3), (30, 3), (1, 4), (3, 4), (5, 4), (7, 4), (21, 4), (22, 4), (25, 4), (27, 4), (30, 4), (1, 5), (5, 5), (7, 5), (8, 5), (9, 5), (10, 5), (21, 5), (23, 5), (25, 5), (27, 5), (30, 5), (1, 6), (5, 6), (7, 6), (21, 6), (24, 6), (25, 6), (27, 6), (30, 6), (1, 7), (5, 7), (7, 7), (21, 7), (24, 7), (25, 7), (27, 7), (30, 7), (1, 8), (5, 8), (7, 8), (8, 8), (9, 8), (10, 8), (21, 8), (25, 8), (27, 8), (28, 8), (29, 8), (30, 8)